2.185222059488296509e-01
5.657522082328796387e-01
3.122072219848632812e-01
3.067934811115264893e-01
5.490911751985549927e-02
2.442648075520992279e-02
4.240202009677886963e-01
7.247861623764038086e-01
2.501179873943328857e-01
7.606481313705444336e-01
5.955944657325744629e-01
3.129581809043884277e-01
5.266322493553161621e-01
8.665968477725982666e-02
3.225097358226776123e-01
1.056600958108901978e-01
3.187374472618103027e-01
2.954576909542083740e-01
2.936982214450836182e-01
-3.872993215918540955e-02
9.199661016464233398e-01
2.597649991512298584e-01
3.407716453075408936e-01
1.027650088071823120e-01
1.882659196853637695e-01
2.779621481895446777e-01
1.808150112628936768e-01
1.562589555978775024e-01
2.486503720283508301e-01
1.642958074808120728e-01
3.921039029955863953e-02
3.743915557861328125e-01
1.977197080850601196e-01
5.671794414520263672e-01
6.851348876953125000e-01
2.405355125665664673e-01
2.351401746273040771e-01
5.515611767768859863e-01
3.310689032077789307e-01
4.016906917095184326e-01
2.570167779922485352e-01
1.314184162765741348e-02
1.965957581996917725e-01
4.796383976936340332e-01
2.843160331249237061e-01
4.968754947185516357e-01
8.112196922302246094e-01
1.052571237087249756e-01
4.276987016201019287e-01
1.885732561349868774e-01
3.278698623180389404e-01
2.523966431617736816e-01
1.134663075208663940e-01
2.534042894840240479e-01
2.760134339332580566e-01
7.403934001922607422e-01
5.077980756759643555e-01
1.929423809051513672e-01
5.415037274360656738e-01
6.732776761054992676e-01
4.200941622257232666e-01
5.593666434288024902e-01
5.868285298347473145e-01
4.303713440895080566e-01
5.570159554481506348e-01
3.368704319000244141e-01
6.219641566276550293e-01
3.305341005325317383e-01
6.054517626762390137e-01
2.378567308187484741e-01
3.221860826015472412e-01
1.349034756422042847e-01
4.307857751846313477e-01
4.089149236679077148e-01
4.613434970378875732e-01
2.294017374515533447e-01
5.611238479614257812e-01
9.427376389503479004e-01
1.682743877172470093e-01
1.467896904796361923e-02
5.810755491256713867e-01
2.918212413787841797e-01
4.694627821445465088e-01
2.514282763004302979e-01
6.340004801750183105e-01
2.363029271364212036e-01
2.297971099615097046e-01
5.288037061691284180e-01
1.538674533367156982e-01
8.637292981147766113e-01
6.755983829498291016e-02
4.864017963409423828e-01
5.007531046867370605e-01
2.753218114376068115e-01
3.307645618915557861e-01
5.476695299148559570e-01
2.343802899122238159e-01
5.551482439041137695e-01
6.129209399223327637e-01
2.835796773433685303e-01
5.965449810028076172e-01
2.496156990528106689e-01
1.204958260059356689e-01
1.441929638385772705e-01
2.707913815975189209e-01
3.539466261863708496e-01
3.005324900150299072e-01
8.899006247520446777e-02
3.783558309078216553e-01
3.124568462371826172e-01
2.869245707988739014e-01
3.497218191623687744e-01
6.033086776733398438e-01
3.808267712593078613e-01
2.956284582614898682e-01
5.503150820732116699e-01
5.889332294464111328e-01
2.621493935585021973e-01
8.165904283523559570e-01
3.458589315414428711e-01
7.612106204032897949e-02
2.022644579410552979e-01
9.618129581212997437e-02
3.200538158416748047e-01
4.117388427257537842e-01
6.091956496238708496e-01
3.003799617290496826e-01
2.472625225782394409e-01
1.352367401123046875e-01
1.212378293275833130e-01
4.311977922916412354e-01
3.434022068977355957e-01
6.793789267539978027e-01
6.187260746955871582e-01
7.929436862468719482e-02
5.367685481905937195e-02
5.741996765136718750e-01
4.268660843372344971e-01
4.654208421707153320e-01
4.076225757598876953e-01
3.035362958908081055e-01
2.405184358358383179e-01
6.686706542968750000e-01
4.429782330989837646e-01
3.092151284217834473e-01
4.327914118766784668e-01
1.276001185178756714e-01
1.658907681703567505e-01
2.345456033945083618e-01
4.987968206405639648e-01
5.968683362007141113e-01
7.426332235336303711e-01
4.492008090019226074e-01
6.704652905464172363e-01
7.763051390647888184e-01
2.880646288394927979e-01
2.301840186119079590e-01
2.865168154239654541e-01
5.064340829849243164e-01
1.543023288249969482e-01
5.299293994903564453e-01
4.230905771255493164e-01
4.190416038036346436e-01
1.494135260581970215e-01
2.748429775238037109e-01
4.356092512607574463e-01
6.402525901794433594e-01
8.007661998271942139e-02
5.450011491775512695e-01
3.144309818744659424e-01
9.336789697408676147e-02
1.769337505102157593e-01
8.102318048477172852e-01
1.486288756132125854e-01
9.308104515075683594e-01
7.427657842636108398e-01
7.620193958282470703e-01
4.505560398101806641e-01
5.490828305482864380e-02
5.018759965896606445e-01
5.486956238746643066e-01
9.730453491210937500e-01
3.157418966293334961e-01
-9.385598823428153992e-03
2.673316597938537598e-01
3.245213329792022705e-01
4.372959956526756287e-02
4.725914895534515381e-01
4.392235279083251953e-01
1.021589636802673340e-01
3.415966331958770752e-01
5.660873651504516602e-01
3.516458272933959961e-01
9.856387972831726074e-02
4.093790054321289062e-01
6.809394806623458862e-02
3.768011033535003662e-01
9.027701020240783691e-01
3.837427794933319092e-01
3.258059620857238770e-01
2.057895362377166748e-01
3.476652801036834717e-01
1.524400860071182251e-01
4.756490141153335571e-02
2.842578291893005371e-01
4.186029732227325439e-01
1.580067723989486694e-01
3.722419440746307373e-01
3.655358850955963135e-01
2.813293039798736572e-01
4.210436642169952393e-01
3.056460618972778320e-01
2.301806658506393433e-01
3.874779045581817627e-01
4.646896421909332275e-01
6.825006008148193359e-02
1.387172043323516846e-01
5.592054724693298340e-01
5.971684455871582031e-01
2.245438694953918457e-01
6.482570171356201172e-01
9.032294750213623047e-01
2.667908966541290283e-01
7.261268794536590576e-02
4.880058467388153076e-01
5.534489750862121582e-01
2.015968561172485352e-01
8.939763903617858887e-01
4.336828291416168213e-01
2.783553600311279297e-01
6.196774840354919434e-01
2.550933659076690674e-01
3.492621183395385742e-01
7.132835984230041504e-01
5.158583521842956543e-01
3.389940857887268066e-01
4.998171627521514893e-01
8.229551911354064941e-01
-6.979988887906074524e-03
2.909688949584960938e-01
1.011239141225814819e-01
5.905603617429733276e-02
5.624244213104248047e-01
7.078547477722167969e-01
4.780338704586029053e-01
8.064824342727661133e-01
3.258138597011566162e-01
5.385099053382873535e-01
4.541562795639038086e-01
7.346863150596618652e-01
6.618104577064514160e-01
4.817542433738708496e-01
2.685034871101379395e-01
4.281399548053741455e-01
2.296402454376220703e-01
7.718871235847473145e-01
4.380728006362915039e-01
3.129496872425079346e-01
2.326733767986297607e-01
4.105083644390106201e-01
5.382326841354370117e-01
4.965308606624603271e-01
1.318160891532897949e-01
4.826377034187316895e-01
1.019602715969085693e-01
5.380069017410278320e-01
7.261527180671691895e-01
6.221263110637664795e-02
2.980279028415679932e-01
4.735518991947174072e-01
1.705915629863739014e-01
2.142478674650192261e-01
8.177966624498367310e-02
6.743837147951126099e-02
6.735205054283142090e-01
1.237572357058525085e-01
3.822065293788909912e-01
3.126177489757537842e-01
8.081771433353424072e-02
2.461402416229248047e-01
1.418186575174331665e-01
2.564002275466918945e-01
7.155248522758483887e-01
2.241983860731124878e-01
7.178636193275451660e-01
3.450621068477630615e-01
3.129246234893798828e-01
1.521239131689071655e-01
5.448262095451354980e-01
2.843217551708221436e-01
5.214684009552001953e-01
2.183025479316711426e-01
4.889920353889465332e-01
2.859016358852386475e-01
5.908982157707214355e-01
2.196551263332366943e-01
5.991831421852111816e-01
8.004117012023925781e-02
5.898830294609069824e-02
2.997253835201263428e-01
2.853938341140747070e-01
2.042410969734191895e-01
3.085930645465850830e-01
3.210361003875732422e-01
3.003388941287994385e-01
1.754474490880966187e-01
5.653361678123474121e-01
8.162100911140441895e-01
2.653231620788574219e-01
9.686446934938430786e-02
4.004112184047698975e-01
5.551922917366027832e-01
1.668441742658615112e-01
2.763546705245971680e-01
2.712614461779594421e-02
5.054361224174499512e-01
5.133669376373291016e-01
4.708244502544403076e-01
3.328115642070770264e-01
6.369538307189941406e-01
4.381146430969238281e-01
3.349615335464477539e-01
3.805906772613525391e-01
4.202017188072204590e-01
6.623673439025878906e-01
3.535358309745788574e-01
2.581034041941165924e-02
2.343802899122238159e-01
5.776160955429077148e-01
8.790175914764404297e-01
2.562892138957977295e-01
5.231087207794189453e-01
3.138518631458282471e-01
2.792946994304656982e-01
5.573425069451332092e-02
1.419335254468023777e-03
2.625470459461212158e-01
5.761762857437133789e-01
5.114047527313232422e-01
4.388781785964965820e-01
5.382224917411804199e-01
5.597765445709228516e-01
3.305542469024658203e-01
9.635975956916809082e-01
2.590773999691009521e-01
5.800752639770507812e-01
8.487296104431152344e-02
4.590832889080047607e-01
2.116869539022445679e-01
6.162765026092529297e-01
1.021707952022552490e-01
3.034520149230957031e-01
3.563272953033447266e-01
5.725875496864318848e-01
4.026120007038116455e-01
3.242916166782379150e-01
5.202828049659729004e-01
8.336598277091979980e-01
2.390914410352706909e-01
4.596529603004455566e-01
5.484458804130554199e-01
7.019019722938537598e-01
3.604472577571868896e-01
3.675983250141143799e-01
2.480804473161697388e-01
6.092801690101623535e-01
6.700037717819213867e-01
3.643800914287567139e-01
1.783266961574554443e-01
5.164079070091247559e-01
2.229576408863067627e-01
3.552988469600677490e-01
2.633276581764221191e-01
3.996478319168090820e-01
3.371428847312927246e-01
6.050522923469543457e-01
-2.102630911394953728e-03
1.015548944473266602e+00
1.079078111797571182e-02
4.910319447517395020e-01
2.461875230073928833e-01
3.474405109882354736e-01
1.008891224861145020e+00
3.933065235614776611e-01
4.983494281768798828e-01
8.051261901855468750e-01
3.145294189453125000e-01
3.246641755104064941e-01
7.202512025833129883e-01
-1.009560935199260712e-02
7.919870018959045410e-01
3.838752806186676025e-01
5.997526049613952637e-01
4.383030831813812256e-01
6.460154652595520020e-01
4.894560277462005615e-01
1.497310996055603027e-01
2.315088361501693726e-02
2.038248479366302490e-01
1.986870914697647095e-01
3.369742929935455322e-01
9.047102928161621094e-02
6.975143402814865112e-02
2.298538833856582642e-01
3.828549385070800781e-01
1.091252639889717102e-01
7.003107666969299316e-01
2.736978232860565186e-01
7.648164629936218262e-01
2.314376831054687500e-01
5.171664357185363770e-01
4.687947928905487061e-01
1.798441410064697266e-01
1.148128584027290344e-01
1.379230767488479614e-01
7.499494552612304688e-01
5.897133946418762207e-01
3.751992583274841309e-01
6.569398641586303711e-01
2.579674422740936279e-01
6.787521243095397949e-01
6.155824065208435059e-01
5.371249318122863770e-01
1.723614782094955444e-01
2.949771583080291748e-01
6.523464918136596680e-01
1.767902821302413940e-01
3.089141547679901123e-01
8.438914269208908081e-02
4.739082604646682739e-02
3.387048244476318359e-01
2.882257699966430664e-01
2.365323752164840698e-01
2.887836992740631104e-01
2.125959843397140503e-01
5.796647071838378906e-01
2.024546414613723755e-01
-2.180535346269607544e-02
3.978023827075958252e-01
6.450295448303222656e-01
8.921653032302856445e-02
3.097479343414306641e-01
6.583608388900756836e-01
3.580657541751861572e-01
2.485847920179367065e-01
2.442513257265090942e-01
3.412897884845733643e-01
4.674779176712036133e-01
3.762219250202178955e-01
3.832413256168365479e-01
5.474222302436828613e-01
2.929126322269439697e-01
2.979289591312408447e-01
5.321298912167549133e-02
1.333465874195098877e-01
4.070065617561340332e-01
4.108272194862365723e-01
7.930597066879272461e-01
4.540145695209503174e-01
-1.049439422786235809e-02
1.873113587498664856e-02
4.310248196125030518e-01
2.772954702377319336e-01
5.311613678932189941e-01
4.410368204116821289e-01
4.694199264049530029e-01
6.554214656352996826e-02
5.839499086141586304e-02
4.681880772113800049e-01
8.750025033950805664e-01
1.106439903378486633e-01
5.902349948883056641e-01
3.727693855762481689e-01
5.508577227592468262e-01
9.844289720058441162e-02
4.518204331398010254e-01
2.533573508262634277e-01
5.209972858428955078e-01
3.792423903942108154e-01
3.863224387168884277e-01
6.264607906341552734e-01
7.694810032844543457e-01
2.186949402093887329e-01
5.061390399932861328e-01
6.008458137512207031e-01
6.076500415802001953e-01
5.335971713066101074e-01
2.963509261608123779e-01
6.103031039237976074e-01
1.067144796252250671e-01
3.283583791926503181e-03
4.656621515750885010e-01
8.294158577919006348e-01
4.804716408252716064e-01
1.652012951672077179e-02
9.082513302564620972e-02
7.251765131950378418e-01
2.583867311477661133e-01
8.358368873596191406e-01
9.146619439125061035e-01
4.791288971900939941e-01
2.351295351982116699e-01
2.126751691102981567e-01
2.684443891048431396e-01
1.097741909325122833e-02
2.050710767507553101e-01
1.104432716965675354e-02
8.988605439662933350e-02
4.070310294628143311e-01
4.159741699695587158e-01
3.675531446933746338e-01
2.957840859889984131e-01
1.956451535224914551e-01
4.840476214885711670e-01
7.866806387901306152e-01
2.058435678482055664e-01
3.305341005325317383e-01
4.806339442729949951e-01
3.672451376914978027e-01
3.971107900142669678e-01
7.939913272857666016e-01
3.871906101703643799e-01
4.638291895389556885e-01
5.564674139022827148e-01
1.381771713495254517e-01
7.616773843765258789e-01
1.285678744316101074e-01
1.690708547830581665e-01
3.941453695297241211e-01
3.776035308837890625e-01
2.762304842472076416e-01
3.678244352340698242e-01
4.783651530742645264e-01
4.416398406028747559e-01
2.055399715900421143e-01
3.643378913402557373e-01
7.903069257736206055e-01
5.370945334434509277e-01
3.472238183021545410e-01
2.007826268672943115e-01
1.624252498149871826e-01
3.188002109527587891e-01
4.821132719516754150e-01
2.500571608543395996e-01
2.560002505779266357e-01
3.609768748283386230e-01
2.164576351642608643e-01
6.534910202026367188e-01
1.503868550062179565e-01
4.701178669929504395e-01
3.618252277374267578e-01
7.648286223411560059e-01
3.551633656024932861e-01
6.272397637367248535e-01
2.299204021692276001e-01
4.783051013946533203e-01
8.271300047636032104e-02
5.462884902954101562e-01
4.416912496089935303e-01
1.863646358251571655e-01
6.635133028030395508e-01
4.911887049674987793e-01
5.856733322143554688e-01
1.795092672109603882e-01
1.381785124540328979e-01
4.076274633407592773e-01
4.192839264869689941e-01
8.163410425186157227e-01
6.448754072189331055e-01
-3.195146797224879265e-03
4.385146200656890869e-01
4.810426831245422363e-01
2.335379272699356079e-01
3.507024347782135010e-01
8.897031098604202271e-02
5.630044341087341309e-01
8.267273902893066406e-01
4.568155705928802490e-01
2.060950696468353271e-01
3.835387229919433594e-01
1.943746581673622131e-03
2.135317772626876831e-01
5.185185670852661133e-01
4.757060110569000244e-01
7.509571313858032227e-01
5.247415304183959961e-01
6.338304281234741211e-01
2.051957100629806519e-01
1.492214202880859375e-01
3.444547057151794434e-01
5.840913653373718262e-01
-9.031527675688266754e-03
6.182848215103149414e-01
2.183025479316711426e-01
5.132696628570556641e-01
2.193147540092468262e-01
3.798365592956542969e-01
1.746620237827301025e-02
3.261265754699707031e-01
1.576974838972091675e-01
8.229339867830276489e-02
7.519347071647644043e-01
2.955151200294494629e-01
3.632111251354217529e-01
4.216776490211486816e-01
3.724811375141143799e-01
2.406876832246780396e-01
2.354125678539276123e-01
3.831618130207061768e-01
6.640387773513793945e-01
7.869977951049804688e-01
5.045773983001708984e-01
3.481531441211700439e-01
4.972039759159088135e-01
7.907728552818298340e-01
5.265207290649414062e-01
3.513045907020568848e-01
9.297829866409301758e-01
3.915242254734039307e-01
4.741705656051635742e-01
4.397210776805877686e-01
5.558730363845825195e-01
4.459074437618255615e-01
5.153182148933410645e-01
4.284559190273284912e-01
3.075056076049804688e-01
2.572333812713623047e-01
9.016070365905761719e-01
5.911726355552673340e-01
5.267111659049987793e-01
3.941864669322967529e-01
7.295975089073181152e-01
2.708674371242523193e-01
2.363152354955673218e-01
3.603186607360839844e-01
7.759441137313842773e-01
4.781686365604400635e-01
7.810778021812438965e-01
4.685665965080261230e-01
4.321087300777435303e-01
-2.520637027919292450e-02
6.234002113342285156e-01
7.301186919212341309e-01
1.389074623584747314e-01
3.936787247657775879e-01
3.459763526916503906e-01
6.893590092658996582e-01
4.805095791816711426e-01
4.642580747604370117e-01
6.584306359291076660e-01
5.470100045204162598e-01
9.294688105583190918e-01
2.844718694686889648e-01
3.212992250919342041e-01
1.676096916198730469e-01
2.467409223318099976e-01
4.685881435871124268e-01
4.842756092548370361e-01
6.440508365631103516e-01
5.965298414230346680e-01
2.074675112962722778e-01
3.769992589950561523e-01
2.434920072555541992e-01
3.991673290729522705e-01
3.911063671112060547e-01
9.301738440990447998e-02
3.179434239864349365e-01
6.151493191719055176e-01
5.927748680114746094e-01
4.019979834556579590e-01
7.270598411560058594e-01
6.977350115776062012e-01
6.420966386795043945e-01
1.925227493047714233e-01
6.518928408622741699e-01
4.140304028987884521e-01
1.240390539169311523e-01
2.346855551004409790e-01
1.722099073231220245e-02
6.052442789077758789e-01
2.730952203273773193e-01
2.974951267242431641e-01
4.021320044994354248e-01
3.002119064331054688e-01
1.042013242840766907e-01
3.335499167442321777e-01
6.864883899688720703e-01
1.656604558229446411e-02
4.243215024471282959e-01
8.359956741333007812e-01
1.539209336042404175e-01
1.610867679119110107e-01
1.027218699455261230e-01
6.234164834022521973e-01
8.030728697776794434e-01
3.993850946426391602e-01
4.492824971675872803e-01
5.204039812088012695e-02
5.539509654045104980e-01
6.467968821525573730e-01
2.984524965286254883e-01
2.830547690391540527e-01
5.472885444760322571e-02
2.520752847194671631e-01
4.968765377998352051e-01
2.609671056270599365e-01
3.607809543609619141e-01
8.790210485458374023e-01
3.790285289287567139e-01
1.141870915889739990e-01
5.126931071281433105e-01
2.558428347110748291e-01
4.213369786739349365e-01
1.210635676980018616e-01
6.742166876792907715e-01
3.591799437999725342e-01
1.979090273380279541e-01
5.879648923873901367e-01
2.584607899188995361e-01
2.225215435028076172e-01
2.775093913078308105e-01
-1.854420639574527740e-02
4.463254213333129883e-01
6.248828396201133728e-02
4.457928836345672607e-01
4.468731209635734558e-02
4.279872775077819824e-01
2.676823139190673828e-01
2.591571509838104248e-01
8.769768476486206055e-01
2.100668847560882568e-01
3.045588433742523193e-01
4.224530756473541260e-01
7.006937265396118164e-01
5.892013907432556152e-01
5.394572615623474121e-01
1.215620487928390503e-01
2.654299437999725342e-01
-1.867992803454399109e-02
6.441868543624877930e-01
2.955663502216339111e-01
6.339716911315917969e-01
4.313009381294250488e-01
4.059287607669830322e-01
1.581995636224746704e-01
3.486198186874389648e-02
4.260774850845336914e-01
6.959854364395141602e-01
8.026748895645141602e-02
4.322929978370666504e-01
4.185615181922912598e-01
6.004553437232971191e-01
5.593827366828918457e-01
4.492710530757904053e-01
9.454394131898880005e-02
2.134925276041030884e-01
-4.424448311328887939e-02
5.251309871673583984e-01
9.281346797943115234e-01
8.639492094516754150e-02
5.566262602806091309e-01
7.766172885894775391e-01
1.589519977569580078e-01
7.243191599845886230e-01
3.238020837306976318e-01
4.388575851917266846e-01
5.653361678123474121e-01
4.034259915351867676e-01
3.891832530498504639e-01
1.700036823749542236e-01
6.547244191169738770e-01
2.746193110942840576e-01
8.384334444999694824e-01
2.343350201845169067e-01
6.857708692550659180e-01
8.897233754396438599e-02
1.388702094554901123e-01
2.853480279445648193e-01
4.201830625534057617e-01
6.819172948598861694e-02
4.132880866527557373e-01
3.383855223655700684e-01
1.261528581380844116e-01
8.256673216819763184e-01
2.286302745342254639e-01
2.813112437725067139e-01
5.879270285367965698e-02
1.100533753633499146e-01
7.211377620697021484e-01
1.886989772319793701e-01
3.979783058166503906e-01
7.103718519210815430e-01
5.053725242614746094e-01
5.661512725055217743e-03
3.185511752963066101e-02
4.011904895305633545e-01
1.392706930637359619e-01
5.920411944389343262e-01
4.929274916648864746e-01
4.459450840950012207e-01
2.921232581138610840e-01
4.752091765403747559e-01
3.915247023105621338e-01
-5.728035699576139450e-03
1.638099700212478638e-01
1.865839660167694092e-01
2.258583456277847290e-01
6.327031850814819336e-01
4.410421848297119141e-01
2.157678157091140747e-01
4.454427659511566162e-01
3.692680895328521729e-01
6.627448797225952148e-01
8.839414268732070923e-02
4.350332319736480713e-01
5.791878104209899902e-01
